Week:2310,TimeOfWeek:203809.049285,accx:-0.01921387,accy:-0.00323486,accz:-1.00273437,gyrx:-0.01704423,gyry:0.01049285,gyrz:-0.00543285,magx:122.10000000,magy:-130.35000000,magz:-39.60000000
Week:2310,TimeOfWeek:203809.069100,accx:-0.01958008,accy:-0.00319824,accz:-1.00277100,gyrx:-0.01725728,gyry:0.00980043,gyrz:-0.00527306,magx:122.10000000,magy:-130.20000000,magz:-39.60000000